data	time 

0.0000000000000002	0.0000000000000000 
0.0000000000000003	0.0000000010006923 
0.0000000000000003	0.0000000020013846 
0.0000000000000004	0.0000000030020769 
0.0000000000000004	0.0000000040027691 
0.0000000000000005	0.0000000050034614 
0.0000000000000005	0.0000000060041537 
0.0000000000000006	0.0000000070048460 
0.0000000000000007	0.0000000080055383 
0.0000000000000008	0.0000000090062306 
0.0000000000000010	0.0000000100069229 
0.0000000000000011	0.0000000110076151 
0.0000000000000013	0.0000000120083074 
0.0000000000000015	0.0000000130089997 
0.0000000000000017	0.0000000140096920 
0.0000000000000019	0.0000000150103843 
0.0000000000000022	0.0000000160110766 
0.0000000000000026	0.0000000170117689 
0.0000000000000030	0.0000000180124611 
0.0000000000000034	0.0000000190131534 
0.0000000000000039	0.0000000200138457 
0.0000000000000045	0.0000000210145380 
0.0000000000000052	0.0000000220152303 
0.0000000000000059	0.0000000230159226 
0.0000000000000068	0.0000000240166149 
0.0000000000000078	0.0000000250173071 
0.0000000000000089	0.0000000260179994 
0.0000000000000102	0.0000000270186917 
0.0000000000000117	0.0000000280193840 
0.0000000000000134	0.0000000290200763 
0.0000000000000154	0.0000000300207686 
0.0000000000000176	0.0000000310214609 
0.0000000000000201	0.0000000320221531 
0.0000000000000230	0.0000000330228454 
0.0000000000000264	0.0000000340235377 
0.0000000000000301	0.0000000350242300 
0.0000000000000344	0.0000000360249223 
0.0000000000000394	0.0000000370256146 
0.0000000000000450	0.0000000380263069 
0.0000000000000514	0.0000000390269991 
0.0000000000000587	0.0000000400276914 
0.0000000000000670	0.0000000410283837 
0.0000000000000764	0.0000000420290760 
0.0000000000000872	0.0000000430297683 
0.0000000000000995	0.0000000440304606 
0.0000000000001134	0.0000000450311529 
0.0000000000001293	0.0000000460318451 
0.0000000000001474	0.0000000470325374 
0.0000000000001679	0.0000000480332297 
0.0000000000001912	0.0000000490339220 
0.0000000000002177	0.0000000500346143 
0.0000000000002478	0.0000000510353066 
0.0000000000002820	0.0000000520359989 
0.0000000000003209	0.0000000530366911 
0.0000000000003649	0.0000000540373834 
0.0000000000004149	0.0000000550380757 
0.0000000000004716	0.0000000560387680 
0.0000000000005359	0.0000000570394603 
0.0000000000006088	0.0000000580401526 
0.0000000000006914	0.0000000590408449 
0.0000000000007850	0.0000000600415371 
0.0000000000008910	0.0000000610422294 
0.0000000000010110	0.0000000620429217 
0.0000000000011468	0.0000000630436140 
0.0000000000013005	0.0000000640443063 
0.0000000000014744	0.0000000650449986 
0.0000000000016711	0.0000000660456908 
0.0000000000018934	0.0000000670463831 
0.0000000000021447	0.0000000680470754 
0.0000000000024287	0.0000000690477677 
0.0000000000027495	0.0000000700484600 
0.0000000000031118	0.0000000710491523 
0.0000000000035207	0.0000000720498446 
0.0000000000039823	0.0000000730505368 
0.0000000000045031	0.0000000740512291 
0.0000000000050905	0.0000000750519214 
0.0000000000057529	0.0000000760526137 
0.0000000000064996	0.0000000770533060 
0.0000000000073411	0.0000000780539983 
0.0000000000082892	0.0000000790546906 
0.0000000000093570	0.0000000800553828 
0.0000000000105593	0.0000000810560751 
0.0000000000119126	0.0000000820567674 
0.0000000000134356	0.0000000830574597 
0.0000000000151488	0.0000000840581520 
0.0000000000170757	0.0000000850588443 
0.0000000000192420	0.0000000860595366 
0.0000000000216769	0.0000000870602288 
0.0000000000244129	0.0000000880609211 
0.0000000000274864	0.0000000890616134 
0.0000000000309378	0.0000000900623057 
0.0000000000348125	0.0000000910629980 
0.0000000000391613	0.0000000920636903 
0.0000000000440406	0.0000000930643826 
0.0000000000495135	0.0000000940650748 
0.0000000000556505	0.0000000950657671 
0.0000000000625302	0.0000000960664594 
0.0000000000702400	0.0000000970671517 
0.0000000000788777	0.0000000980678440 
0.0000000000885521	0.0000000990685363 
0.0000000000993844	0.0000001000692286 
0.0000000001115097	0.0000001010699208 
0.0000000001250781	0.0000001020706131 
0.0000000001402571	0.0000001030713054 
0.0000000001572328	0.0000001040719977 
0.0000000001762123	0.0000001050726900 
0.0000000001974259	0.0000001060733823 
0.0000000002211295	0.0000001070740746 
0.0000000002476076	0.0000001080747668 
0.0000000002771763	0.0000001090754591 
0.0000000003101865	0.0000001100761514 
0.0000000003470279	0.0000001110768437 
0.0000000003881331	0.0000001120775360 
0.0000000004339821	0.0000001130782283 
0.0000000004851071	0.0000001140789206 
0.0000000005420985	0.0000001150796128 
0.0000000006056107	0.0000001160803051 
0.0000000006763688	0.0000001170809974 
0.0000000007551764	0.0000001180816897 
0.0000000008429231	0.0000001190823820 
0.0000000009405942	0.0000001200830743 
0.0000000010492799	0.0000001210837666 
0.0000000011701867	0.0000001220844588 
0.0000000013046492	0.0000001230851511 
0.0000000014541428	0.0000001240858434 
0.0000000016202989	0.0000001250865357 
0.0000000018049200	0.0000001260872280 
0.0000000020099975	0.0000001270879203 
0.0000000022377308	0.0000001280886126 
0.0000000024905479	0.0000001290893048 
0.0000000027711289	0.0000001300899971 
0.0000000030824305	0.0000001310906894 
0.0000000034277142	0.0000001320913817 
0.0000000038105764	0.0000001330920740 
0.0000000042349813	0.0000001340927663 
0.0000000047052972	0.0000001350934586 
0.0000000052263366	0.0000001360941508 
0.0000000058033992	0.0000001370948431 
0.0000000064423196	0.0000001380955354 
0.0000000071495192	0.0000001390962277 
0.0000000079320630	0.0000001400969200 
0.0000000087977217	0.0000001410976123 
0.0000000097550396	0.0000001420983046 
0.0000000108134084	0.0000001430989968 
0.0000000119831480	0.0000001440996891 
0.0000000132755949	0.0000001451003814 
0.0000000147031982	0.0000001461010737 
0.0000000162796243	0.0000001471017660 
0.0000000180198717	0.0000001481024583 
0.0000000199403953	0.0000001491031506 
0.0000000220592418	0.0000001501038428 
0.0000000243961979	0.0000001511045351 
0.0000000269729511	0.0000001521052274 
0.0000000298132645	0.0000001531059197 
0.0000000329431672	0.0000001541066120 
0.0000000363911616	0.0000001551073043 
0.0000000401884480	0.0000001561079966 
0.0000000443691698	0.0000001571086888 
0.0000000489706783	0.0000001581093811 
0.0000000540338219	0.0000001591100734 
0.0000000596032586	0.0000001601107657 
0.0000000657277962	0.0000001611114580 
0.0000000724607605	0.0000001621121503 
0.0000000798603952	0.0000001631128426 
0.0000000879902946	0.0000001641135348 
0.0000000969198735	0.0000001651142271 
0.0000001067248752	0.0000001661149194 
0.0000001174879219	0.0000001671156117 
0.0000001292991110	0.0000001681163040 
0.0000001422566593	0.0000001691169963 
0.0000001564676004	0.0000001701176886 
0.0000001720485389	0.0000001711183808 
0.0000001891264651	0.0000001721190731 
0.0000002078396354	0.0000001731197654 
0.0000002283385234	0.0000001741204577 
0.0000002507868466	0.0000001751211500 
0.0000002753626743	0.0000001761218423 
0.0000003022596236	0.0000001771225346 
0.0000003316881480	0.0000001781232268 
0.0000003638769280	0.0000001791239191 
0.0000003990743691	0.0000001801246114 
0.0000004375502152	0.0000001811253037 
0.0000004795972871	0.0000001821259960 
0.0000005255333531	0.0000001831266883 
0.0000005757031421	0.0000001841273805 
0.0000006304805097	0.0000001851280728 
0.0000006902707671	0.0000001861287651 
0.0000007555131838	0.0000001871294574 
0.0000008266836779	0.0000001881301497 
0.0000009042977051	0.0000001891308420 
0.0000009889133604	0.0000001901315343 
0.0000010811347082	0.0000001911322265 
0.0000011816153537	0.0000001921329188 
0.0000012910622744	0.0000001931336111 
0.0000014102399272	0.0000001941343034 
0.0000015399746500	0.0000001951349957 
0.0000016811593765	0.0000001961356880 
0.0000018347586864	0.0000001971363803 
0.0000020018142098	0.0000001981370725 
0.0000021834504109	0.0000001991377648 
0.0000023808807744	0.0000002001384571 
0.0000025954144200	0.0000002011391494 
0.0000028284631713	0.0000002021398417 
0.0000030815491094	0.0000002031405340 
0.0000033563126381	0.0000002041412263 
0.0000036545210956	0.0000002051419185 
0.0000039780779429	0.0000002061426108 
0.0000043290325657	0.0000002071433031 
0.0000047095907264	0.0000002081439954 
0.0000051221257030	0.0000002091446877 
0.0000055691901588	0.0000002101453800 
0.0000060535287823	0.0000002111460723 
0.0000065780917438	0.0000002121467645 
0.0000071460490158	0.0000002131474568 
0.0000077608056052	0.0000002141481491 
0.0000084260177503	0.0000002151488414 
0.0000091456101352	0.0000002161495337 
0.0000099237941799	0.0000002171502260 
0.0000107650874631	0.0000002181509183 
0.0000116743343415	0.0000002191516105 
0.0000126567278291	0.0000002201523028 
0.0000137178328033	0.0000002211529951 
0.0000148636106098	0.0000002221536874 
0.0000161004451384	0.0000002231543797 
0.0000174351704458	0.0000002241550720 
0.0000188751000061	0.0000002251557643 
0.0000204280576700	0.0000002261564565 
0.0000221024104206	0.0000002271571488 
0.0000239071030135	0.0000002281578411 
0.0000258516945947	0.0000002291585334 
0.0000279463973921	0.0000002301592257 
0.0000302021175809	0.0000002311599180 
0.0000326304984248	0.0000002321606103 
0.0000352439658021	0.0000002331613025 
0.0000380557762240	0.0000002341619948 
0.0000410800674631	0.0000002351626871 
0.0000443319119056	0.0000002361633794 
0.0000478273727529	0.0000002371640717 
0.0000515835631947	0.0000002381647640 
0.0000556187086843	0.0000002391654563 
0.0000599522124474	0.0000002401661485 
0.0000646047243626	0.0000002411668408 
0.0000695982133505	0.0000002421675331 
0.0000749560434181	0.0000002431682254 
0.0000807030535031	0.0000002441689177 
0.0000868656412690	0.0000002451696100 
0.0000934718510053	0.0000002461703023 
0.0001005514657890	0.0000002471709945 
0.0001081361040672	0.0000002481716868 
0.0001162593208246	0.0000002491723791 
0.0001249567135001	0.0000002501730714 
0.0001342660328221	0.0000002511737637 
0.0001442272987319	0.0000002521744560 
0.0001548829215688	0.0000002531751483 
0.0001662778286905	0.0000002541758405 
0.0001784595967064	0.0000002551765328 
0.0001914785894993	0.0000002561772251 
0.0002053881022155	0.0000002571779174 
0.0002202445114022	0.0000002581786097 
0.0002361074314708	0.0000002591793020 
0.0002530398776653	0.0000002601799943 
0.0002711084357150	0.0000002611806865 
0.0002903834383486	0.0000002621813788 
0.0003109391488447	0.0000002631820711 
0.0003328539517939	0.0000002641827634 
0.0003562105512420	0.0000002651834557 
0.0003810961763835	0.0000002661841480 
0.0004076027949672	0.0000002671848403 
0.0004358273345758	0.0000002681855325 
0.0004658719119306	0.0000002691862248 
0.0004978440703715	0.0000002701869171 
0.0005318570256514	0.0000002711876094 
0.0005680299201803	0.0000002721883017 
0.0006064880858429	0.0000002731889940 
0.0006473633155058	0.0000002741896863 
0.0006907941433193	0.0000002751903785 
0.0007369261339094	0.0000002761910708 
0.0007859121805402	0.0000002771917631 
0.0008379128123170	0.0000002781924554 
0.0008930965104843	0.0000002791931477 
0.0009516400338579	0.0000002801938400 
0.0010137287534142	0.0000002811945323 
0.0010795569960422	0.0000002821952245 
0.0011493283974441	0.0000002831959168 
0.0012232562641526	0.0000002841966091 
0.0013015639446083	0.0000002851973014 
0.0013844852092222	0.0000002861979937 
0.0014722646393224	0.0000002871986860 
0.0015651580248579	0.0000002881993783 
0.0016634327707103	0.0000002892000705 
0.0017673683114318	0.0000002902007628 
0.0018772565342026	0.0000002912014551 
0.0019934022097691	0.0000002922021474 
0.0021161234310926	0.0000002932028397 
0.0022457520594060	0.0000002942035320 
0.0023826341773416	0.0000002952042243 
0.0025271305487567	0.0000002962049165 
0.0026796170848498	0.0000002972056088 
0.0028404853161169	0.0000002982063011 
0.0030101428696643	0.0000002992069934 
0.0031890139513484	0.0000003002076857 
0.0033775398321753	0.0000003012083780 
0.0035761793383459	0.0000003022090702 
0.0037854093442933	0.0000003032097625 
0.0040057252680096	0.0000003042104548 
0.0042376415679147	0.0000003052111471 
0.0044816922404751	0.0000003062118394 
0.0047384313177279	0.0000003072125317 
0.0050084333638213	0.0000003082132240 
0.0052922939696304	0.0000003092139162 
0.0055906302444591	0.0000003102146085 
0.0059040813037860	0.0000003112153008 
0.0062333087519649	0.0000003122159931 
0.0065789971587345	0.0000003132166854 
0.0069418545283460	0.0000003142173777 
0.0073226127600607	0.0000003152180700 
0.0077220280987213	0.0000003162187622 
0.0081408815740500	0.0000003172194545 
0.0085799794272726	0.0000003182201468 
0.0090401535236209	0.0000003192208391 
0.0095222617492139	0.0000003202215314 
0.0100271883907714	0.0000003212222237 
0.0105558444965641	0.0000003222229160 
0.0111091682169595	0.0000003232236082 
0.0116881251228766	0.0000003242243005 
0.0122937085004204	0.0000003252249928 
0.0129269396199243	0.0000003262256851 
0.0135888679775893	0.0000003272263774 
0.0142805715078719	0.0000003282270697 
0.0150031567647381	0.0000003292277620 
0.0157577590698664	0.0000003302284542 
0.0165455426258567	0.0000003312291465 
0.0173677005924723	0.0000003322298388 
0.0182254551239221	0.0000003332305311 
0.0191200573651685	0.0000003342312234 
0.0200527874052327	0.0000003352319157 
0.0210249541854558	0.0000003362326080 
0.0220378953606676	0.0000003372333002 
0.0230929771112139	0.0000003382339925 
0.0241915939037897	0.0000003392346848 
0.0253351681990400	0.0000003402353771 
0.0265251501038943	0.0000003412360694 
0.0277630169666239	0.0000003422367617 
0.0290502729126304	0.0000003432374540 
0.0303884483190048	0.0000003442381462 
0.0317790992259291	0.0000003452388385 
0.0332238066830346	0.0000003462395308 
0.0347241760288779	0.0000003472402231 
0.0362818361017488	0.0000003482409154 
0.0378984383800850	0.0000003492416077 
0.0395756560508348	0.0000003502423000 
0.0413151830041849	0.0000003512429922 
0.0431187327531491	0.0000003522436845 
0.0449880372766032	0.0000003532443768 
0.0469248457844479	0.0000003542450691 
0.0489309234036812	0.0000003552457614 
0.0510080497842764	0.0000003562464537 
0.0531580176238740	0.0000003572471460 
0.0553826311104257	0.0000003582478382 
0.0576837042820581	0.0000003592485305 
0.0600630593035642	0.0000003602492228 
0.0625225246590762	0.0000003612499151 
0.0650639332606309	0.0000003622506074 
0.0676891204724960	0.0000003632512997 
0.0703999220512957	0.0000003642519920 
0.0731981720021498	0.0000003652526842 
0.0760857003512192	0.0000003662533765 
0.0790643308352428	0.0000003672540688 
0.0821358785088401	0.0000003682547611 
0.0853021472705575	0.0000003692554534 
0.0885649273088400	0.0000003702561457 
0.0919259924693218	0.0000003712568380 
0.0953870975450442	0.0000003722575302 
0.0989499754914296	0.0000003732582225 
0.1026163345680655	0.0000003742589148 
0.1063878554095800	0.0000003752596071 
0.1102661880281210	0.0000003762602994 
0.1142529487501866	0.0000003772609917 
0.1183497170907899	0.0000003782616840 
0.1225580325681780	0.0000003792623762 
0.1268793914625684	0.0000003802630685 
0.1313152435225971	0.0000003812637608 
0.1358669886234238	0.0000003822644531 
0.1405359733806680	0.0000003832651454 
0.1453234877245920	0.0000003842658377 
0.1502307614391818	0.0000003852665300 
0.1552589606710098	0.0000003862672222 
0.1604091844129891	0.0000003872679145 
0.1656824609683588	0.0000003882686068 
0.1710797444004560	0.0000003892692991 
0.1766019109740450	0.0000003902699914 
0.1822497555941874	0.0000003912706837 
0.1880239882488234	0.0000003922713760 
0.1939252304614488	0.0000003932720682 
0.1999540117604345	0.0000003942727605 
0.2061107661717249	0.0000003952734528 
0.2123958287418091	0.0000003962741451 
0.2188094320980134	0.0000003972748374 
0.2253517030533056	0.0000003982755297 
0.2320226592629306	0.0000003992762220 
0.2388222059403135	0.0000004002769142 
0.2457501326397646	0.0000004012776065 
0.2528061101136153	0.0000004022782988 
0.2599896872514785	0.0000004032789911 
0.2673002881093857	0.0000004042796834 
0.2747372090365980	0.0000004052803757 
0.2822996159079021	0.0000004062810680 
0.2899865414692138	0.0000004072817602 
0.2977968828042961	0.0000004082824525 
0.3057293989303664	0.0000004092831448 
0.3137827085303195	0.0000004102838371 
0.3219552878292187	0.0000004112845294 
0.3302454686226209	0.0000004122852217 
0.3386514364641896	0.0000004132859140 
0.3471712290199188	0.0000004142866062 
0.3558027345961449	0.0000004152872985 
0.3645436908483392	0.0000004162879908 
0.3733916836775009	0.0000004172886831 
0.3823441463207391	0.0000004182893754 
0.3913983586424089	0.0000004192900677 
0.4005514466319096	0.0000004202907599 
0.4098003821139777	0.0000004212914522 
0.4191419826770142	0.0000004222921445 
0.4285729118246681	0.0000004232928368 
0.4380896793555666	0.0000004242935291 
0.4476886419757267	0.0000004252942214 
0.4573660041478146	0.0000004262949137 
0.4671178191810181	0.0000004272956059 
0.4769399905649087	0.0000004282962982 
0.4868282735502259	0.0000004292969905 
0.4967782769790876	0.0000004302976828 
0.5067854653666708	0.0000004312983751 
0.5168451612359374	0.0000004322990674 
0.5269525477064967	0.0000004332997597 
0.5371026713381986	0.0000004343004519 
0.5472904452295480	0.0000004353011442 
0.5575106523705071	0.0000004363018365 
0.5677579492487336	0.0000004373025288 
0.5780268697077627	0.0000004383032211 
0.5883118290550964	0.0000004393039134 
0.5986071284176291	0.0000004403046057 
0.6089069593412748	0.0000004413052979 
0.6192054086311147	0.0000004423059902 
0.6294964634278278	0.0000004433066825 
0.6397740165156124	0.0000004443073748 
0.6500318718562543	0.0000004453080671 
0.6602637503434474	0.0000004463087594 
0.6704632957709256	0.0000004473094517 
0.6806240810074286	0.0000004483101439 
0.6907396143709906	0.0000004493108362 
0.7008033461945216	0.0000004503115285 
0.7108086755741271	0.0000004513122208 
0.7207489572911366	0.0000004523129131 
0.7306175088982978	0.0000004533136054 
0.7404076179601397	0.0000004543142977 
0.7501125494370480	0.0000004553149899 
0.7597255532021590	0.0000004563156822 
0.7692398716797606	0.0000004573163745 
0.7786487475934953	0.0000004583170668 
0.7879454318122818	0.0000004593177591 
0.7971231912815198	0.0000004603184514 
0.8061753170268243	0.0000004613191437 
0.8150951322172163	0.0000004623198359 
0.8238760002744445	0.0000004633205282 
0.8325113330148475	0.0000004643212205 
0.8409945988099565	0.0000004653219128 
0.8493193307518477	0.0000004663226051 
0.8574791348090957	0.0000004673232974 
0.8654676979590509	0.0000004683239897 
0.8732787962820714	0.0000004693246819 
0.8809063030032718	0.0000004703253742 
0.8883441964673277	0.0000004713260665 
0.8955865680318711	0.0000004723267588 
0.9026276298650572	0.0000004733274511 
0.9094617226329382	0.0000004743281434 
0.9160833230624058	0.0000004753288357 
0.9224870513655816	0.0000004763295279 
0.9286676785117178	0.0000004773302202 
0.9346201333328711	0.0000004783309125 
0.9403395094498611	0.0000004793316048 
0.9458210720052734	0.0000004803322971 
0.9510602641906016	0.0000004813329894 
0.9560527135549353	0.0000004823336817 
0.9607942380829757	0.0000004833343739 
0.9652808520305625	0.0000004843350662 
0.9695087715063128	0.0000004853357585 
0.9734744197884387	0.0000004863364508 
0.9771744323662850	0.0000004873371431 
0.9806056616966422	0.0000004883378354 
0.9837651816654253	0.0000004893385277 
0.9866502917458625	0.0000004903392199 
0.9892585208449275	0.0000004913399122 
0.9915876308303414	0.0000004923406045 
0.9936356197311012	0.0000004933412968 
0.9954007246051264	0.0000004943419891 
0.9968814240682744	0.0000004953426814 
0.9980764404796459	0.0000004963433737 
0.9989847417787856	0.0000004973440659 
0.9996055429710804	0.0000004983447582 
0.9999383072583636	0.0000004993454505 
0.9999827468124435	0.0000005003461428 
0.9997388231899965	0.0000005013468351 
0.9992067473879898	0.0000005023475274 
0.9983869795395182	0.0000005033482197 
0.9972802282506714	0.0000005043489119 
0.9958874495797698	0.0000005053496042 
0.9942098456610243	0.0000005063502965 
0.9922488629753974	0.0000005073509888 
0.9900061902721451	0.0000005083516811 
0.9874837561452210	0.0000005093523734 
0.9846837262694113	0.0000005103530657 
0.9816085003017457	0.0000005113537579 
0.9782607084543904	0.0000005123544502 
0.9746432077458731	0.0000005133551425 
0.9707590779381217	0.0000005143558348 
0.9666116171674017	0.0000005153565271 
0.9622043372778304	0.0000005163572194 
0.9575409588667062	0.0000005173579117 
0.9526254060514408	0.0000005183586039 
0.9474618009683906	0.0000005193592962 
0.9420544580143841	0.0000005203599885 
0.9364078778421976	0.0000005213606808 
0.9305267411216739	0.0000005223613731 
0.9244159020785837	0.0000005233620654 
0.9180803818237022	0.0000005243627577 
0.9115253614849216	0.0000005253634499 
0.9047561751555409	0.0000005263641422 
0.8977783026721387	0.0000005273648345 
0.8905973622357020	0.0000005283655268 
0.8832191028898891	0.0000005293662191 
0.8756493968704894	0.0000005303669114 
0.8678942318402918	0.0000005313676037 
0.8599597030236885	0.0000005323682959 
0.8518520052554190	0.0000005333689882 
0.8435774249579109	0.0000005343696805 
0.8351423320616817	0.0000005353703728 
0.8265531718832515	0.0000005363710651 
0.8178164569749595	0.0000005373717574 
0.8089387589609931	0.0000005383724496 
0.7999267003738221	0.0000005393731419 
0.7907869465050795	0.0000005403738342 
0.7815261972847541	0.0000005413745265 
0.7721511792023463	0.0000005423752188 
0.7626686372834054	0.0000005433759111 
0.7530853271345965	0.0000005443766034 
0.7434080070701538	0.0000005453772956 
0.7336434303322570	0.0000005463779879 
0.7237983374175251	0.0000005473786802 
0.7138794485214455	0.0000005483793725 
0.7038934561121906	0.0000005493800648 
0.6938470176448240	0.0000005503807571 
0.6837467484265046	0.0000005513814494 
0.6735992146428278	0.0000005523821416 
0.6634109265549801	0.0000005533828339 
0.6531883318769054	0.0000005543835262 
0.6429378093411813	0.0000005553842185 
0.6326656624617980	0.0000005563849108 
0.6223781135015127	0.0000005573856031 
0.6120812976509220	0.0000005583862954 
0.6017812574258598	0.0000005593869876 
0.5914839372891830	0.0000005603876799 
0.5811951785024608	0.0000005613883722 
0.5709207142125286	0.0000005623890645 
0.5606661647773151	0.0000005633897568 
0.5504370333347981	0.0000005643904491 
0.5402387016183848	0.0000005653911414 
0.5300764260214691	0.0000005663918336 
0.5199553339133627	0.0000005673925259 
0.5098804202082580	0.0000005683932182 
0.4998565441883434	0.0000005693939105 
0.4898884265816614	0.0000005703946028 
0.4799806468947807	0.0000005713952951 
0.4701376409998366	0.0000005723959874 
0.4603636989750157	0.0000005733966796 
0.4506629631970359	0.0000005743973719 
0.4410394266837371	0.0000005753980642 
0.4314969316844138	0.0000005763987565 
0.4220391685150849	0.0000005773994488 
0.4126696746354631	0.0000005784001411 
0.4033918339639740	0.0000005794008334 
0.3942088764267827	0.0000005804015256 
0.3851238777364008	0.0000005814022179 
0.3761397593950957	0.0000005824029102 
0.3672592889179766	0.0000005834036025 
0.3584850802703158	0.0000005844042948 
0.3498195945133586	0.0000005854049871 
0.3412651406525995	0.0000005864056794 
0.3328238766822346	0.0000005874063716 
0.3244978108192668	0.0000005884070639 
0.3162888029205177	0.0000005894077562 
0.3081985660755996	0.0000005904084485 
0.3002286683687288	0.0000005914091408 
0.2923805348020984	0.0000005924098331 
0.2846554493733934	0.0000005934105254 
0.2770545572999200	0.0000005944112176 
0.2695788673817097	0.0000005954119099 
0.2622292544959121	0.0000005964126022 
0.2550064622146914	0.0000005974132945 
0.2479111055388444	0.0000005984139868 
0.2409436737393139	0.0000005994146791 
0.2341045332987810	0.0000006004153714 
0.2273939309455333	0.0000006014160636 
0.2208119967718432	0.0000006024167559 
0.2143587474291402	0.0000006034174482 
0.2080340893923268	0.0000006044181405 
0.2018378222856763	0.0000006054188328 
0.1957696422628388	0.0000006064195251 
0.1898291454336041	0.0000006074202174 
0.1840158313301865	0.0000006084209096 
0.1783291064059390	0.0000006094216019 
0.1727682875595532	0.0000006104222942 
0.1673326056779622	0.0000006114229865 
0.1620212091913342	0.0000006124236788 
0.1568331676337272	0.0000006134243711 
0.1517674752031647	0.0000006144250634 
0.1468230543150907	0.0000006154257556 
0.1419987591433674	0.0000006164264479 
0.1372933791431928	0.0000006174271402 
0.1327056425505306	0.0000006184278325 
0.1282342198528762	0.0000006194285248 
0.1238777272263966	0.0000006204292171 
0.1196347299347276	0.0000006214299094 
0.1155037456849390	0.0000006224306016 
0.1114832479364153	0.0000006234312939 
0.1075716691586399	0.0000006244319862 
0.1037674040341104	0.0000006254326785 
0.1000688126028479	0.0000006264333708 
0.0964742233452096	0.0000006274340631 
0.0929819361999459	0.0000006284347554 
0.0895902255146821	0.0000006294354476 
0.0862973429262430	0.0000006304361399 
0.0831015201684638	0.0000006314368322 
0.0800009718053684	0.0000006324375245 
0.0769938978878126	0.0000006334382168 
0.0740784865319208	0.0000006344389091 
0.0712529164178534	0.0000006354396014 
0.0685153592076602	0.0000006364402936 
0.0658639818811800	0.0000006374409859 
0.0632969489891487	0.0000006384416782 
0.0608124248228738	0.0000006394423705 
0.0584085755000242	0.0000006404430628 
0.0560835709662647	0.0000006414437551 
0.0538355869126487	0.0000006424444474 
0.0516628066088413	0.0000006434451396 
0.0495634226524203	0.0000006444458319 
0.0475356386346505	0.0000006454465242 
0.0455776707232813	0.0000006464472165 
0.0436877491630540	0.0000006474479088 
0.0418641196947461	0.0000006484486011 
0.0401050448937011	0.0000006494492934 
0.0384088054289163	0.0000006504499856 
0.0367737012438715	0.0000006514506779 
0.0351980526603868	0.0000006524513702 
0.0336802014068965	0.0000006534520625 
0.0322185115726145	0.0000006544527548 
0.0308113704891521	0.0000006554534471 
0.0294571895412240	0.0000006564541393 
0.0281544049081478	0.0000006574548316 
0.0269014782379044	0.0000006584555239 
0.0256968972555834	0.0000006594562162 
0.0245391763080850	0.0000006604569085 
0.0234268568469945	0.0000006614576008 
0.0223585078515803	0.0000006624582931 
0.0213327261938978	0.0000006634589853 
0.0203481369480064	0.0000006644596776 
0.0194033936453236	0.0000006654603699 
0.0184971784781584	0.0000006664610622 
0.0176282024534684	0.0000006674617545 
0.0167952054988935	0.0000006684624468 
0.0159969565231152	0.0000006694631391 
0.0152322534325849	0.0000006704638313 
0.0144999231066540	0.0000006714645236 
0.0137988213331258	0.0000006724652159 
0.0131278327062279	0.0000006734659082 
0.0124858704889860	0.0000006744666005 
0.0118718764419498	0.0000006754672928 
0.0112848206201988	0.0000006764679851 
0.0107237011405185	0.0000006774686773 
0.0101875439206095	0.0000006784693696 
0.0096754023921491	0.0000006794700619 
0.0091863571894916	0.0000006804707542 
0.0087195158157488	0.0000006814714465 
0.0082740122879516	0.0000006824721388 
0.0078490067629465	0.0000006834728311 
0.0074436851456385	0.0000006844735233 
0.0070572586811410	0.0000006854742156 
0.0066889635323466	0.0000006864749079 
0.0063380603443844	0.0000006874756002 
0.0060038337973764	0.0000006884762925 
0.0056855921488583	0.0000006894769848 
0.0053826667671770	0.0000006904776771 
0.0050944116571261	0.0000006914783693 
0.0048202029790288	0.0000006924790616 
0.0045594385624288	0.0000006934797539 
0.0043115374154937	0.0000006944804462 
0.0040759392311900	0.0000006954811385 
0.0038521038912327	0.0000006964818308 
0.0036395109687674	0.0000006974825231 
0.0034376592306888	0.0000006984832153 
0.0032460661404539	0.0000006994839076 
0.0030642673621975	0.0000007004845999 
0.0028918162669136	0.0000007014852922 
0.0027282834414147	0.0000007024859845 
0.0025732562007426	0.0000007034866768 
0.0024263381046522	0.0000007044873691 
0.0022871484787538	0.0000007054880613 
0.0021553219408514	0.0000007064887536 
0.0020305079329775	0.0000007074894459 
0.0019123702595837	0.0000007084901382 
0.0018005866323066	0.0000007094908305 
0.0016948482216948	0.0000007104915228 
0.0015948592162432	0.0000007114922151 
0.0015003363890479	0.0000007124929073 
0.0014110086723628	0.0000007134935996 
0.0013266167403044	0.0000007144942919 
0.0012469125999232	0.0000007154949842 
0.0011716591908290	0.0000007164956765 
0.0011006299935310	0.0000007174963688 
0.0010336086466259	0.0000007184970611 
0.0009703885729412	0.0000007194977533 
0.0009107726147193	0.0000007204984456 
0.0008545726779029	0.0000007214991379 
0.0008016093855605	0.0000007224998302 
0.0007517117404734	0.0000007235005225 
0.0007047167968830	0.0000007245012148 
0.0006604693413812	0.0000007255019071 
0.0006188215829093	0.0000007265025993 
0.0005796328518159	0.0000007275032916 
0.0005427693079090	0.0000007285039839 
0.0005081036574232	0.0000007295046762 
0.0004755148788132	0.0000007305053685 
0.0004448879572697	0.0000007315060608 
0.0004161136278461	0.0000007325067531 
0.0003890881270739	0.0000007335074453 
0.0003637129529347	0.0000007345081376 
0.0003398946330515	0.0000007355088299 
0.0003175445009520	0.0000007365095222 
0.0002965784802532	0.0000007375102145 
0.0002769168766080	0.0000007385109068 
0.0002584841772528	0.0000007395115991 
0.0002412088579889	0.0000007405122913 
0.0002250231974278	0.0000007415129836 
0.0002098630983270	0.0000007425136759 
0.0001956679158417	0.0000007435143682 
0.0001823802925153	0.0000007445150605 
0.0001699459998301	0.0000007455157528 
0.0001583137861397	0.0000007465164451 
0.0001474352308035	0.0000007475171373 
0.0001372646043445	0.0000007485178296 
0.0001277587344507	0.0000007495185219 
0.0001188768776444	0.0000007505192142 
0.0001105805964401	0.0000007515199065 
0.0001028336418182	0.0000007525205988 
0.0000956018408397	0.0000007535212911 
0.0000888529892322	0.0000007545219833 
0.0000825567487757	0.0000007555226756 
0.0000766845493255	0.0000007565233679 
0.0000712094953043	0.0000007575240602 
0.0000661062765065	0.0000007585247525 
0.0000613510830537	0.0000007595254448 
0.0000569215243492	0.0000007605261371 
0.0000527965518788	0.0000007615268293 
0.0000489563857100	0.0000007625275216 
0.0000453824445454	0.0000007635282139 
0.0000420572791896	0.0000007645289062 
0.0000389645092918	0.0000007655295985 
0.0000360887632300	0.0000007665302908 
0.0000334156210076	0.0000007675309831 
0.0000309315600361	0.0000007685316753 
0.0000286239036797	0.0000007695323676 
0.0000264807724450	0.0000007705330599 
0.0000244910376989	0.0000007715337522 
0.0000226442778037	0.0000007725344445 
0.0000209307365618	0.0000007735351368 
0.0000193412838646	0.0000007745358291 
0.0000178673784465	0.0000007755365213 
0.0000165010326443	0.0000007765372136 
0.0000152347790719	0.0000007775379059 
0.0000140616391151	0.0000007785385982 
0.0000129750931646	0.0000007795392905 
0.0000119690524996	0.0000007805399828 
0.0000110378327437	0.0000007815406750 
0.0000101761288145	0.0000007825413673 
0.0000093789912945	0.0000007835420596 
0.0000086418041493	0.0000007845427519 
0.0000079602637280	0.0000007855434442 
0.0000073303589775	0.0000007865441365 
0.0000067483528104	0.0000007875448288 
0.0000062107645649	0.0000007885455210 
0.0000057143535000	0.0000007895462133 
0.0000052561032720	0.0000007905469056 
0.0000048332073378	0.0000007915475979 
0.0000044430552381	0.0000007925482902 
0.0000040832197095	0.0000007935489825 
0.0000037514445833	0.0000007945496748 
0.0000034456334248	0.0000007955503670 
0.0000031638388744	0.0000007965510593 
0.0000029042526492	0.0000007975517516 
0.0000026651961691	0.0000007985524439 
0.0000024451117715	0.0000007995531362 
0.0000022425544804	0.0000008005538285 
0.0000020561842990	0.0000008015545208 
0.0000018847589945	0.0000008025552130 
0.0000017271273458	0.0000008035559053 
0.0000015822228288	0.0000008045565976 
0.0000014490577107	0.0000008055572899 
0.0000013267175313	0.0000008065579822 
0.0000012143559461	0.0000008075586745 
0.0000011111899104	0.0000008085593668 
0.0000010164951832	0.0000008095600590 
0.0000009296021309	0.0000008105607513 
0.0000008498918138	0.0000008115614436 
0.0000007767923352	0.0000008125621359 
0.0000007097754391	0.0000008135628282 
0.0000006483533400	0.0000008145635205 
0.0000005920757691	0.0000008155642128 
0.0000005405272249	0.0000008165649050 
0.0000004933244136	0.0000008175655973 
0.0000004501138678	0.0000008185662896 
0.0000004105697315	0.0000008195669819 
0.0000003743917014	0.0000008205676742 
0.0000003413031125	0.0000008215683665 
0.0000003110491607	0.0000008225690588 
0.0000002833952513	0.0000008235697510 
0.0000002581254664	0.0000008245704433 
0.0000002350411420	0.0000008255711356 
0.0000002139595488	0.0000008265718279 
0.0000001947126682	0.0000008275725202 
0.0000001771460581	0.0000008285732125 
0.0000001611178016	0.0000008295739048 
0.0000001464975333	0.0000008305745970 
0.0000001331655376	0.0000008315752893 
0.0000001210119143	0.0000008325759816 
0.0000001099358062	0.0000008335766739 
0.0000000998446848	0.0000008345773662 
0.0000000906536896	0.0000008355780585 
0.0000000822850181	0.0000008365787508 
0.0000000746673612	0.0000008375794430 
0.0000000677353825	0.0000008385801353 
0.0000000614292371	0.0000008395808276 
0.0000000556941276	0.0000008405815199 
0.0000000504798946	0.0000008415822122 
0.0000000457406386	0.0000008425829045 
0.0000000414343717	0.0000008435835968 
0.0000000375226966	0.0000008445842890 
0.0000000339705107	0.0000008455849813 
0.0000000307457336	0.0000008465856736 
0.0000000278190563	0.0000008475863659 
0.0000000251637103	0.0000008485870582 
0.0000000227552552	0.0000008495877505 
0.0000000205713832	0.0000008505884428 
0.0000000185917396	0.0000008515891350 
0.0000000167977577	0.0000008525898273 
0.0000000151725069	0.0000008535905196 
0.0000000137005540	0.0000008545912119 
0.0000000123678344	0.0000008555919042 
0.0000000111615355	0.0000008565925965 
0.0000000100699886	0.0000008575932888 
0.0000000090825702	0.0000008585939810 
0.0000000081896114	0.0000008595946733 
0.0000000073823151	0.0000008605953656 
0.0000000066526797	0.0000008615960579 
0.0000000059934294	0.0000008625967502 
0.0000000053979509	0.0000008635974425 
0.0000000048602343	0.0000008645981348 
0.0000000043748205	0.0000008655988270 
0.0000000039367517	0.0000008665995193 
0.0000000035415270	0.0000008676002116 
0.0000000031850616	0.0000008686009039 
0.0000000028636496	0.0000008696015962 
0.0000000025739296	0.0000008706022885 
0.0000000023128538	0.0000008716029808 
0.0000000020776600	0.0000008726036730 
0.0000000018658447	0.0000008736043653 
0.0000000016751407	0.0000008746050576 
0.0000000015034944	0.0000008756057499 
0.0000000013490471	0.0000008766064422 
0.0000000012101164	0.0000008776071345 
0.0000000010851803	0.0000008786078268 
0.0000000009728625	0.0000008796085190 
0.0000000008719182	0.0000008806092113 
0.0000000007812225	0.0000008816099036 
0.0000000006997591	0.0000008826105959 
0.0000000006266096	0.0000008836112882 
0.0000000005609451	0.0000008846119805 
0.0000000005020170	0.0000008856126728 
0.0000000004491498	0.0000008866133650 
0.0000000004017341	0.0000008876140573 
0.0000000003592204	0.0000008886147496 
0.0000000003211131	0.0000008896154419 
0.0000000002869656	0.0000008906161342 
0.0000000002563754	0.0000008916168265 
0.0000000002289800	0.0000008926175188 
0.0000000002044531	0.0000008936182110 
0.0000000001825007	0.0000008946189033 
0.0000000001628583	0.0000008956195956 
0.0000000001452882	0.0000008966202879 
0.0000000001295762	0.0000008976209802 
0.0000000001155301	0.0000008986216725 
0.0000000001029768	0.0000008996223647 
0.0000000000917612	0.0000009006230570 
0.0000000000817434	0.0000009016237493 
0.0000000000727984	0.0000009026244416 
0.0000000000648135	0.0000009036251339 
0.0000000000576877	0.0000009046258262 
0.0000000000513306	0.0000009056265185 
0.0000000000456609	0.0000009066272107 
0.0000000000406057	0.0000009076279030 
0.0000000000360997	0.0000009086285953 
0.0000000000320846	0.0000009096292876 
0.0000000000285077	0.0000009106299799 
0.0000000000253224	0.0000009116306722 
0.0000000000224864	0.0000009126313645 
0.0000000000199624	0.0000009136320567 
0.0000000000177165	0.0000009146327490 
0.0000000000157188	0.0000009156334413 
0.0000000000139423	0.0000009166341336 
0.0000000000123630	0.0000009176348259 
0.0000000000109594	0.0000009186355182 
0.0000000000097124	0.0000009196362105 
0.0000000000086048	0.0000009206369027 
0.0000000000076213	0.0000009216375950 
0.0000000000067483	0.0000009226382873 
0.0000000000059736	0.0000009236389796 
0.0000000000052862	0.0000009246396719 
0.0000000000046766	0.0000009256403642 
0.0000000000041362	0.0000009266410565 
0.0000000000036571	0.0000009276417487 
0.0000000000032326	0.0000009286424410 
0.0000000000028565	0.0000009296431333 
0.0000000000025235	0.0000009306438256 
0.0000000000022286	0.0000009316445179 
0.0000000000019676	0.0000009326452102 
0.0000000000017367	0.0000009336459025 
0.0000000000015325	0.0000009346465947 
0.0000000000013518	0.0000009356472870 
0.0000000000011922	0.0000009366479793 
0.0000000000010510	0.0000009376486716 
0.0000000000009264	0.0000009386493639 
0.0000000000008162	0.0000009396500562 
0.0000000000007190	0.0000009406507485 
0.0000000000006332	0.0000009416514407 
0.0000000000005574	0.0000009426521330 
0.0000000000004906	0.0000009436528253 
0.0000000000004316	0.0000009446535176 
0.0000000000003797	0.0000009456542099 
0.0000000000003338	0.0000009466549022 
0.0000000000002935	0.0000009476555945 
0.0000000000002579	0.0000009486562867 
0.0000000000002266	0.0000009496569790 
0.0000000000001990	0.0000009506576713 
0.0000000000001748	0.0000009516583636 
0.0000000000001534	0.0000009526590559 
0.0000000000001346	0.0000009536597482 
0.0000000000001181	0.0000009546604405 
0.0000000000001036	0.0000009556611327 
0.0000000000000908	0.0000009566618250 
0.0000000000000796	0.0000009576625173 
0.0000000000000698	0.0000009586632096 
0.0000000000000611	0.0000009596639019 
0.0000000000000535	0.0000009606645942 
0.0000000000000469	0.0000009616652865 
0.0000000000000410	0.0000009626659787 
0.0000000000000359	0.0000009636666710 
0.0000000000000314	0.0000009646673633 
0.0000000000000275	0.0000009656680556 
0.0000000000000240	0.0000009666687479 
0.0000000000000210	0.0000009676694402 
0.0000000000000183	0.0000009686701325 
0.0000000000000160	0.0000009696708247 
0.0000000000000140	0.0000009706715170 
0.0000000000000122	0.0000009716722093 
0.0000000000000107	0.0000009726729016 
0.0000000000000093	0.0000009736735939 
0.0000000000000081	0.0000009746742862 
0.0000000000000071	0.0000009756749785 
0.0000000000000062	0.0000009766756707 
0.0000000000000054	0.0000009776763630 
0.0000000000000047	0.0000009786770553 
0.0000000000000041	0.0000009796777476 
0.0000000000000036	0.0000009806784399 
0.0000000000000031	0.0000009816791322 
0.0000000000000027	0.0000009826798245 
0.0000000000000023	0.0000009836805167 
0.0000000000000020	0.0000009846812090 
0.0000000000000018	0.0000009856819013 
0.0000000000000015	0.0000009866825936 
0.0000000000000013	0.0000009876832859 
0.0000000000000012	0.0000009886839782 
0.0000000000000010	0.0000009896846705 
0.0000000000000009	0.0000009906853627 
0.0000000000000008	0.0000009916860550 
0.0000000000000007	0.0000009926867473 
0.0000000000000006	0.0000009936874396 
0.0000000000000005	0.0000009946881319 
0.0000000000000004	0.0000009956888242 
0.0000000000000004	0.0000009966895165 
0.0000000000000003	0.0000009976902087 
0.0000000000000003	0.0000009986909010 
0.0000000000000002	0.0000009996915933 
0.0000000000000002	0.0000010006922856 
0.0000000000000002	0.0000010016929779 
0.0000000000000002	0.0000010026936702 
0.0000000000000001	0.0000010036943625 
0.0000000000000001	0.0000010046950547 
0.0000000000000001	0.0000010056957470 
0.0000000000000001	0.0000010066964393 
0.0000000000000001	0.0000010076971316 
0.0000000000000001	0.0000010086978239 
0.0000000000000001	0.0000010096985162 
0.0000000000000000	0.0000010106992085 
0.0000000000000000	0.0000010116999007 
0.0000000000000000	0.0000010127005930 
0.0000000000000000	0.0000010137012853 
0.0000000000000000	0.0000010147019776 
0.0000000000000000	0.0000010157026699 
0.0000000000000000	0.0000010167033622 
0.0000000000000000	0.0000010177040544 
0.0000000000000000	0.0000010187047467 
0.0000000000000000	0.0000010197054390 
0.0000000000000000	0.0000010207061313 
0.0000000000000000	0.0000010217068236 
0.0000000000000000	0.0000010227075159 
0.0000000000000000	0.0000010237082082 
0.0000000000000000	0.0000010247089004 
0.0000000000000000	0.0000010257095927 
0.0000000000000000	0.0000010267102850 
0.0000000000000000	0.0000010277109773 
0.0000000000000000	0.0000010287116696 
0.0000000000000000	0.0000010297123619 
0.0000000000000000	0.0000010307130542 
0.0000000000000000	0.0000010317137464 
0.0000000000000000	0.0000010327144387 
0.0000000000000000	0.0000010337151310 
0.0000000000000000	0.0000010347158233 
0.0000000000000000	0.0000010357165156 
0.0000000000000000	0.0000010367172079 
0.0000000000000000	0.0000010377179002 
0.0000000000000000	0.0000010387185924 
0.0000000000000000	0.0000010397192847 
0.0000000000000000	0.0000010407199770 
0.0000000000000000	0.0000010417206693 
0.0000000000000000	0.0000010427213616 
0.0000000000000000	0.0000010437220539 
0.0000000000000000	0.0000010447227462 
0.0000000000000000	0.0000010457234384 
0.0000000000000000	0.0000010467241307 
0.0000000000000000	0.0000010477248230 
0.0000000000000000	0.0000010487255153 
0.0000000000000000	0.0000010497262076 
0.0000000000000000	0.0000010507268999 
0.0000000000000000	0.0000010517275922 
0.0000000000000000	0.0000010527282844 
0.0000000000000000	0.0000010537289767 
0.0000000000000000	0.0000010547296690 
0.0000000000000000	0.0000010557303613 
0.0000000000000000	0.0000010567310536 
0.0000000000000000	0.0000010577317459 
0.0000000000000000	0.0000010587324382 
0.0000000000000000	0.0000010597331304 
0.0000000000000000	0.0000010607338227 
0.0000000000000000	0.0000010617345150 
0.0000000000000000	0.0000010627352073 
0.0000000000000000	0.0000010637358996 
0.0000000000000000	0.0000010647365919 
0.0000000000000000	0.0000010657372842 
0.0000000000000000	0.0000010667379764 
0.0000000000000000	0.0000010677386687 
0.0000000000000000	0.0000010687393610 
0.0000000000000000	0.0000010697400533 
0.0000000000000000	0.0000010707407456 
0.0000000000000000	0.0000010717414379 
0.0000000000000000	0.0000010727421302 
0.0000000000000000	0.0000010737428224 
0.0000000000000000	0.0000010747435147 
0.0000000000000000	0.0000010757442070 
0.0000000000000000	0.0000010767448993 
0.0000000000000000	0.0000010777455916 
0.0000000000000000	0.0000010787462839 
0.0000000000000000	0.0000010797469762 
0.0000000000000000	0.0000010807476684 
0.0000000000000000	0.0000010817483607 
0.0000000000000000	0.0000010827490530 
0.0000000000000000	0.0000010837497453 
0.0000000000000000	0.0000010847504376 
0.0000000000000000	0.0000010857511299 
0.0000000000000000	0.0000010867518222 
0.0000000000000000	0.0000010877525144 
0.0000000000000000	0.0000010887532067 
0.0000000000000000	0.0000010897538990 
0.0000000000000000	0.0000010907545913 
0.0000000000000000	0.0000010917552836 
0.0000000000000000	0.0000010927559759 
0.0000000000000000	0.0000010937566682 
0.0000000000000000	0.0000010947573604 
0.0000000000000000	0.0000010957580527 
0.0000000000000000	0.0000010967587450 
0.0000000000000000	0.0000010977594373 
0.0000000000000000	0.0000010987601296 
0.0000000000000000	0.0000010997608219 
0.0000000000000000	0.0000011007615142 
0.0000000000000000	0.0000011017622064 
0.0000000000000000	0.0000011027628987 
0.0000000000000000	0.0000011037635910 
0.0000000000000000	0.0000011047642833 
0.0000000000000000	0.0000011057649756 
0.0000000000000000	0.0000011067656679 
0.0000000000000000	0.0000011077663602 
0.0000000000000000	0.0000011087670524 
0.0000000000000000	0.0000011097677447 
0.0000000000000000	0.0000011107684370 
0.0000000000000000	0.0000011117691293 
0.0000000000000000	0.0000011127698216 
0.0000000000000000	0.0000011137705139 
0.0000000000000000	0.0000011147712062 
0.0000000000000000	0.0000011157718984 
0.0000000000000000	0.0000011167725907 
0.0000000000000000	0.0000011177732830 
0.0000000000000000	0.0000011187739753 
0.0000000000000000	0.0000011197746676 
0.0000000000000000	0.0000011207753599 
0.0000000000000000	0.0000011217760522 
0.0000000000000000	0.0000011227767444 
0.0000000000000000	0.0000011237774367 
0.0000000000000000	0.0000011247781290 
0.0000000000000000	0.0000011257788213 
0.0000000000000000	0.0000011267795136 
0.0000000000000000	0.0000011277802059 
0.0000000000000000	0.0000011287808982 
0.0000000000000000	0.0000011297815904 
0.0000000000000000	0.0000011307822827 
0.0000000000000000	0.0000011317829750 
0.0000000000000000	0.0000011327836673 
0.0000000000000000	0.0000011337843596 
0.0000000000000000	0.0000011347850519 
0.0000000000000000	0.0000011357857441 
0.0000000000000000	0.0000011367864364 
0.0000000000000000	0.0000011377871287 
0.0000000000000000	0.0000011387878210 
0.0000000000000000	0.0000011397885133 
0.0000000000000000	0.0000011407892056 
0.0000000000000000	0.0000011417898979 
0.0000000000000000	0.0000011427905901 
0.0000000000000000	0.0000011437912824 
0.0000000000000000	0.0000011447919747 
0.0000000000000000	0.0000011457926670 
0.0000000000000000	0.0000011467933593 
0.0000000000000000	0.0000011477940516 
0.0000000000000000	0.0000011487947439 
0.0000000000000000	0.0000011497954361 
0.0000000000000000	0.0000011507961284 
0.0000000000000000	0.0000011517968207 
0.0000000000000000	0.0000011527975130 
0.0000000000000000	0.0000011537982053 
0.0000000000000000	0.0000011547988976 
0.0000000000000000	0.0000011557995899 
0.0000000000000000	0.0000011568002821 
0.0000000000000000	0.0000011578009744 
0.0000000000000000	0.0000011588016667 
0.0000000000000000	0.0000011598023590 
0.0000000000000000	0.0000011608030513 
0.0000000000000000	0.0000011618037436 
0.0000000000000000	0.0000011628044359 
0.0000000000000000	0.0000011638051281 
0.0000000000000000	0.0000011648058204 
0.0000000000000000	0.0000011658065127 
0.0000000000000000	0.0000011668072050 
0.0000000000000000	0.0000011678078973 
0.0000000000000000	0.0000011688085896 
0.0000000000000000	0.0000011698092819 
0.0000000000000000	0.0000011708099741 
0.0000000000000000	0.0000011718106664 
0.0000000000000000	0.0000011728113587 
0.0000000000000000	0.0000011738120510 
0.0000000000000000	0.0000011748127433 
0.0000000000000000	0.0000011758134356 
0.0000000000000000	0.0000011768141279 
0.0000000000000000	0.0000011778148201 
0.0000000000000000	0.0000011788155124 
0.0000000000000000	0.0000011798162047 
0.0000000000000000	0.0000011808168970 
0.0000000000000000	0.0000011818175893 
0.0000000000000000	0.0000011828182816 
0.0000000000000000	0.0000011838189739 
0.0000000000000000	0.0000011848196661 
0.0000000000000000	0.0000011858203584 
0.0000000000000000	0.0000011868210507 
0.0000000000000000	0.0000011878217430 
0.0000000000000000	0.0000011888224353 
0.0000000000000000	0.0000011898231276 
0.0000000000000000	0.0000011908238199 
0.0000000000000000	0.0000011918245121 
0.0000000000000000	0.0000011928252044 
0.0000000000000000	0.0000011938258967 
0.0000000000000000	0.0000011948265890 
0.0000000000000000	0.0000011958272813 
0.0000000000000000	0.0000011968279736 
0.0000000000000000	0.0000011978286659 
0.0000000000000000	0.0000011988293581 
0.0000000000000000	0.0000011998300504 
0.0000000000000000	0.0000012008307427 
0.0000000000000000	0.0000012018314350 
0.0000000000000000	0.0000012028321273 
0.0000000000000000	0.0000012038328196 
0.0000000000000000	0.0000012048335119 
0.0000000000000000	0.0000012058342041 
0.0000000000000000	0.0000012068348964 
0.0000000000000000	0.0000012078355887 
0.0000000000000000	0.0000012088362810 
0.0000000000000000	0.0000012098369733 
0.0000000000000000	0.0000012108376656 
0.0000000000000000	0.0000012118383579 
0.0000000000000000	0.0000012128390501 
0.0000000000000000	0.0000012138397424 
0.0000000000000000	0.0000012148404347 
0.0000000000000000	0.0000012158411270 
0.0000000000000000	0.0000012168418193 
0.0000000000000000	0.0000012178425116 
0.0000000000000000	0.0000012188432039 
0.0000000000000000	0.0000012198438961 
0.0000000000000000	0.0000012208445884 
0.0000000000000000	0.0000012218452807 
0.0000000000000000	0.0000012228459730 
0.0000000000000000	0.0000012238466653 
0.0000000000000000	0.0000012248473576 
0.0000000000000000	0.0000012258480499 
0.0000000000000000	0.0000012268487421 
0.0000000000000000	0.0000012278494344 
0.0000000000000000	0.0000012288501267 
0.0000000000000000	0.0000012298508190 
0.0000000000000000	0.0000012308515113 
0.0000000000000000	0.0000012318522036 
0.0000000000000000	0.0000012328528959 
0.0000000000000000	0.0000012338535881 
0.0000000000000000	0.0000012348542804 
0.0000000000000000	0.0000012358549727 
0.0000000000000000	0.0000012368556650 
0.0000000000000000	0.0000012378563573 
0.0000000000000000	0.0000012388570496 
0.0000000000000000	0.0000012398577419 
0.0000000000000000	0.0000012408584341 
0.0000000000000000	0.0000012418591264 
0.0000000000000000	0.0000012428598187 
0.0000000000000000	0.0000012438605110 
0.0000000000000000	0.0000012448612033 
0.0000000000000000	0.0000012458618956 
0.0000000000000000	0.0000012468625879 
0.0000000000000000	0.0000012478632801 
0.0000000000000000	0.0000012488639724 
0.0000000000000000	0.0000012498646647 
0.0000000000000000	0.0000012508653570 
0.0000000000000000	0.0000012518660493 
0.0000000000000000	0.0000012528667416 
0.0000000000000000	0.0000012538674338 
0.0000000000000000	0.0000012548681261 
0.0000000000000000	0.0000012558688184 
0.0000000000000000	0.0000012568695107 
0.0000000000000000	0.0000012578702030 
0.0000000000000000	0.0000012588708953 
0.0000000000000000	0.0000012598715876 
0.0000000000000000	0.0000012608722798 
0.0000000000000000	0.0000012618729721 
0.0000000000000000	0.0000012628736644 
0.0000000000000000	0.0000012638743567 
0.0000000000000000	0.0000012648750490 
0.0000000000000000	0.0000012658757413 
0.0000000000000000	0.0000012668764336 
0.0000000000000000	0.0000012678771258 
0.0000000000000000	0.0000012688778181 
0.0000000000000000	0.0000012698785104 
0.0000000000000000	0.0000012708792027 
0.0000000000000000	0.0000012718798950 
0.0000000000000000	0.0000012728805873 
0.0000000000000000	0.0000012738812796 
0.0000000000000000	0.0000012748819718 
0.0000000000000000	0.0000012758826641 
0.0000000000000000	0.0000012768833564 
0.0000000000000000	0.0000012778840487 
0.0000000000000000	0.0000012788847410 
0.0000000000000000	0.0000012798854333 
0.0000000000000000	0.0000012808861256 
0.0000000000000000	0.0000012818868178 
0.0000000000000000	0.0000012828875101 
0.0000000000000000	0.0000012838882024 
0.0000000000000000	0.0000012848888947 
0.0000000000000000	0.0000012858895870 
0.0000000000000000	0.0000012868902793 
0.0000000000000000	0.0000012878909716 
0.0000000000000000	0.0000012888916638 
0.0000000000000000	0.0000012898923561 
0.0000000000000000	0.0000012908930484 
0.0000000000000000	0.0000012918937407 
0.0000000000000000	0.0000012928944330 
0.0000000000000000	0.0000012938951253 
0.0000000000000000	0.0000012948958176 
0.0000000000000000	0.0000012958965098 
0.0000000000000000	0.0000012968972021 
0.0000000000000000	0.0000012978978944 
0.0000000000000000	0.0000012988985867 
0.0000000000000000	0.0000012998992790 
0.0000000000000000	0.0000013008999713 
0.0000000000000000	0.0000013019006636 
0.0000000000000000	0.0000013029013558 
0.0000000000000000	0.0000013039020481 
0.0000000000000000	0.0000013049027404 
0.0000000000000000	0.0000013059034327 
0.0000000000000000	0.0000013069041250 
0.0000000000000000	0.0000013079048173 
0.0000000000000000	0.0000013089055096 
0.0000000000000000	0.0000013099062018 
0.0000000000000000	0.0000013109068941 
0.0000000000000000	0.0000013119075864 
0.0000000000000000	0.0000013129082787 
0.0000000000000000	0.0000013139089710 
0.0000000000000000	0.0000013149096633 
0.0000000000000000	0.0000013159103556 
0.0000000000000000	0.0000013169110478 
0.0000000000000000	0.0000013179117401 
0.0000000000000000	0.0000013189124324 
0.0000000000000000	0.0000013199131247 
0.0000000000000000	0.0000013209138170 
0.0000000000000000	0.0000013219145093 
0.0000000000000000	0.0000013229152016 
0.0000000000000000	0.0000013239158938 
0.0000000000000000	0.0000013249165861 
0.0000000000000000	0.0000013259172784 
0.0000000000000000	0.0000013269179707 
0.0000000000000000	0.0000013279186630 
0.0000000000000000	0.0000013289193553 
0.0000000000000000	0.0000013299200476 
0.0000000000000000	0.0000013309207398 
0.0000000000000000	0.0000013319214321 
0.0000000000000000	0.0000013329221244 
0.0000000000000000	0.0000013339228167 
0.0000000000000000	0.0000013349235090 
0.0000000000000000	0.0000013359242013 
0.0000000000000000	0.0000013369248936 
0.0000000000000000	0.0000013379255858 
0.0000000000000000	0.0000013389262781 
0.0000000000000000	0.0000013399269704 
0.0000000000000000	0.0000013409276627 
0.0000000000000000	0.0000013419283550 
0.0000000000000000	0.0000013429290473 
0.0000000000000000	0.0000013439297396 
0.0000000000000000	0.0000013449304318 
0.0000000000000000	0.0000013459311241 
0.0000000000000000	0.0000013469318164 
0.0000000000000000	0.0000013479325087 
0.0000000000000000	0.0000013489332010 
0.0000000000000000	0.0000013499338933 
0.0000000000000000	0.0000013509345856 
0.0000000000000000	0.0000013519352778 
0.0000000000000000	0.0000013529359701 
0.0000000000000000	0.0000013539366624 
0.0000000000000000	0.0000013549373547 
0.0000000000000000	0.0000013559380470 
0.0000000000000000	0.0000013569387393 
0.0000000000000000	0.0000013579394316 
0.0000000000000000	0.0000013589401238 
0.0000000000000000	0.0000013599408161 
0.0000000000000000	0.0000013609415084 
0.0000000000000000	0.0000013619422007 
0.0000000000000000	0.0000013629428930 
0.0000000000000000	0.0000013639435853 
0.0000000000000000	0.0000013649442776 
0.0000000000000000	0.0000013659449698 
0.0000000000000000	0.0000013669456621 
0.0000000000000000	0.0000013679463544 
0.0000000000000000	0.0000013689470467 
0.0000000000000000	0.0000013699477390 
0.0000000000000000	0.0000013709484313 
0.0000000000000000	0.0000013719491235 
0.0000000000000000	0.0000013729498158 
0.0000000000000000	0.0000013739505081 
0.0000000000000000	0.0000013749512004 
0.0000000000000000	0.0000013759518927 
0.0000000000000000	0.0000013769525850 
0.0000000000000000	0.0000013779532773 
0.0000000000000000	0.0000013789539695 
0.0000000000000000	0.0000013799546618 
0.0000000000000000	0.0000013809553541 
0.0000000000000000	0.0000013819560464 
0.0000000000000000	0.0000013829567387 
0.0000000000000000	0.0000013839574310 
0.0000000000000000	0.0000013849581233 
0.0000000000000000	0.0000013859588155 
0.0000000000000000	0.0000013869595078 
0.0000000000000000	0.0000013879602001 
0.0000000000000000	0.0000013889608924 
0.0000000000000000	0.0000013899615847 
0.0000000000000000	0.0000013909622770 
0.0000000000000000	0.0000013919629693 
0.0000000000000000	0.0000013929636615 
0.0000000000000000	0.0000013939643538 
0.0000000000000000	0.0000013949650461 
0.0000000000000000	0.0000013959657384 
0.0000000000000000	0.0000013969664307 
0.0000000000000000	0.0000013979671230 
0.0000000000000000	0.0000013989678153 
0.0000000000000000	0.0000013999685075 
0.0000000000000000	0.0000014009691998 
0.0000000000000000	0.0000014019698921 
0.0000000000000000	0.0000014029705844 
0.0000000000000000	0.0000014039712767 
0.0000000000000000	0.0000014049719690 
0.0000000000000000	0.0000014059726613 
0.0000000000000000	0.0000014069733535 
0.0000000000000000	0.0000014079740458 
0.0000000000000000	0.0000014089747381 
0.0000000000000000	0.0000014099754304 
0.0000000000000000	0.0000014109761227 
0.0000000000000000	0.0000014119768150 
0.0000000000000000	0.0000014129775073 
0.0000000000000000	0.0000014139781995 
0.0000000000000000	0.0000014149788918 
0.0000000000000000	0.0000014159795841 
0.0000000000000000	0.0000014169802764 
0.0000000000000000	0.0000014179809687 
0.0000000000000000	0.0000014189816610 
0.0000000000000000	0.0000014199823533 
0.0000000000000000	0.0000014209830455 
0.0000000000000000	0.0000014219837378 
0.0000000000000000	0.0000014229844301 
0.0000000000000000	0.0000014239851224 
0.0000000000000000	0.0000014249858147 
0.0000000000000000	0.0000014259865070 
0.0000000000000000	0.0000014269871993 
0.0000000000000000	0.0000014279878915 
0.0000000000000000	0.0000014289885838 
0.0000000000000000	0.0000014299892761 
0.0000000000000000	0.0000014309899684 
0.0000000000000000	0.0000014319906607 
0.0000000000000000	0.0000014329913530 
0.0000000000000000	0.0000014339920453 
0.0000000000000000	0.0000014349927375 
0.0000000000000000	0.0000014359934298 
0.0000000000000000	0.0000014369941221 
0.0000000000000000	0.0000014379948144 
0.0000000000000000	0.0000014389955067 
0.0000000000000000	0.0000014399961990 
0.0000000000000000	0.0000014409968913 
0.0000000000000000	0.0000014419975835 
0.0000000000000000	0.0000014429982758 
0.0000000000000000	0.0000014439989681 
0.0000000000000000	0.0000014449996604 
0.0000000000000000	0.0000014460003527 
0.0000000000000000	0.0000014470010450 
0.0000000000000000	0.0000014480017373 
0.0000000000000000	0.0000014490024295 
0.0000000000000000	0.0000014500031218 
0.0000000000000000	0.0000014510038141 
0.0000000000000000	0.0000014520045064 
0.0000000000000000	0.0000014530051987 
0.0000000000000000	0.0000014540058910 
0.0000000000000000	0.0000014550065833 
0.0000000000000000	0.0000014560072755 
0.0000000000000000	0.0000014570079678 
0.0000000000000000	0.0000014580086601 
0.0000000000000000	0.0000014590093524 
0.0000000000000000	0.0000014600100447 
